10.0069921 76.3735699 0
10.0069916 76.3736082 0.004195660390986114
10.007037599999999 76.3733017 0.037046886152349794
10.0070688 76.373379 0.04221431738090209
10.007049900000002 76.3733462 0.04259509426958995
10.0070434 76.3733426 0.042823313499570484
10.0070423 76.37334190000001 0.04287290656068861
10.007057099999999 76.37335300000001 0.04492840130722215
10.007081300000001 76.37337020000001 0.04675829902702985
10.007108599999999 76.37338249999999 0.04731325378359589
10.007117599999999 76.37338559999999 0.047759269720796846
10.0071925 76.3735023 0.04843240952406218
10.0071955 76.3735109 0.04893592160809957
10.007211400000001 76.3735353 0.04942986335265574
10.0072236 76.3735475 0.0506253456589649
10.0072564 76.3735643 0.052807879726900875
10.0072651 76.3735684 0.053402996392047944
10.0072746 76.37357440000001 0.05407232759880977
10.0072878 76.37358640000001 0.05539263809546788
10.007307199999998 76.3736 0.056332336089475674
10.0073069 76.3736038 0.05657434329766552
10.0073076 76.3736104 0.05696029772213175
10.0073103 76.37362159999999 0.05742169165332205
10.007283000000001 76.37362579999999 0.06071729584478117
10.0072731 76.3736439 0.06161208838896415
10.007266 76.37365150000001 0.06208517827025537
10.0072314 76.3736311 0.06316106382924176
10.0072086 76.37362370000001 0.06527476279863048
10.007196 76.3736218 0.06623234229011565
10.0071792 76.3736247 0.06718648323995795
10.0071808 76.3736248 0.06766179623704663
10.0071875 76.3736247 0.06795285481459111
10.007188900000001 76.3736272 0.06811011695264015
10.007189599999998 76.3736303 0.06828358049701955
10.007185400000001 76.373636 0.06872960811470503
10.0072096 76.373654 0.06956186739358061
10.0072023 76.373655 0.0698176960099943
10.0071913 76.37365009999999 0.07020762302934132
10.0071827 76.37365059999999 0.0704584908926441
10.0071842 76.3736415 0.07084203374007321
10.0071779 76.37363540000001 0.07151648317913407
10.0071924 76.37361899999999 0.0734235714774115
10.007201199999999 76.3736154 0.07415061993363167
10.0072009 76.37361750000001 0.0742934525363722
10.0072796 76.373547 0.07594076986977079
10.007272500000001 76.37355409999999 0.07655749276806087
10.0072646 76.3735687 0.0767810285419091
10.0072777 76.3735828 0.07727426057228291
10.0073183 76.373581 0.07754842665815238
10.007327900000002 76.3735792 0.07777196243167918
10.007340600000001 76.3735872 0.07864776805701307
10.007331 76.3735465 0.08100135488539173
10.007314 76.3735592 0.08231698133206268
10.0071166 76.373866 0.09432273763559913
10.0070573 76.3738465 0.10032463233116487
10.006967300000001 76.3739257 0.1144044982878682
10.006723800000001 76.3740573 0.13551289519916876
10.006428900000001 76.3739923 0.16245389338577518
10.0057735 76.37399740000001 0.1980056342602077
10.005345599999998 76.3741338 0.21750295918003504
10.0051196 76.3741962 0.21915045763335864
10.005019599999999 76.37384759999999 0.23770994054817327
10.004912699999998 76.37349509999999 0.2612168546166615
10.004743300000001 76.3731021 0.28741946871502283
10.0045402 76.3727944 0.3192300738379019
10.004033 76.3720908 0.3640660718942345
10.0036186 76.3713062 0.41314763921470776
10.0035359 76.3706933 0.44719154684873663
10.0035765 76.3706003 0.44897492257426663
10.003604800000002 76.37055649999999 0.4529037084391056
10.0035875 76.37052309999999 0.4571005183113533
10.0035761 76.37055550000001 0.45799903336030123
10.003630699999999 76.3705017 0.46649234918884946
10.004111 76.37000920000001 0.509581865997871
10.0045031 76.36958609999999 0.5366327456205962
10.0049034 76.369176 0.5682481471151637
10.005237699999999 76.3687661 0.5965360998755607
10.005792999999999 76.3683252 0.6345007018397995
10.006229300000001 76.367757 0.6716968241804836
10.0064317 76.3672708 0.6984063572485112
10.0068492 76.3669552 0.7296083947957628
10.0073088 76.36673329999999 0.757647312776583
10.0079215 76.3665814 0.7952054427122104
10.0086228 76.3665962 0.8330828286131121
10.009245199999999 76.3666719 0.8664224517951454
10.0098837 76.36623270000001 0.9137024604431463
10.010646300000001 76.3659441 0.9578065513737903
10.011171899999999 76.3657005 0.9891383728216815
10.0117317 76.3654218 1.028121687665612
10.012376800000002 76.3650745 1.0658384367619276
10.013123599999998 76.3646397 1.1149208280282823
10.013848800000002 76.3643469 1.156627338326825
10.0145455 76.3641297 1.1961203860857617
10.0151883 76.3638417 1.2278301505536806
10.015166 76.3634348 1.25172982000131
10.014861999999999 76.3630281 1.2720896006789668
10.015028599999999 76.3625723 1.300779107173696
10.0155851 76.3622623 1.3348611253474187
10.016026400000001 76.36183390000001 1.3669636341344324
10.0161496 76.3613075 1.3975826002607783
10.0163356 76.36065129999999 1.4339695497472984
10.016293 76.3601213 1.463057530535177
10.0162064 76.3595997 1.4927195672617106
10.0161304 76.3591199 1.5162057333769912
10.0161371 76.35891140000001 1.5174890242366141
10.0160513 76.3584963 1.5467142910896605
10.015962 76.35802079999999 1.5780711685006512
10.015899699999999 76.35756140000001 1.6053289257622505
10.015816099999999 76.3572782 1.6264688188882483
10.015706 76.35677559999999 1.6490230469040232
10.0156016 76.35654140000001 1.6696849414933788
10.0155456 76.3563418 1.6887772931410578
10.0154853 76.35605679999999 1.7139521715080466
10.0154265 76.355491 1.7437311627658314
10.015406800000001 76.3552025 1.7510794793387743
10.0154067 76.3549693 1.7680508688125296
10.015412199999998 76.3547655 1.7819549990634038
10.0154596 76.3544274 1.8156129341258798
10.0157013 76.3539108 1.8446026090439949
10.015988400000001 76.3532868 1.8865315333964812
10.016229300000001 76.3525817 1.9225058006901667
10.0164509 76.35241309999999 1.9501424121898876
10.0169504 76.3519747 1.9896099045511162
10.017374900000002 76.3515668 2.0146914525969843
10.017332699999999 76.3514739 2.022333680459791
10.0175761 76.35115809999999 2.0505744079810575
10.0176421 76.35094609999999 2.0595936875230594
10.0177521 76.35060779999999 2.068299339042839
10.017826800000002 76.350436 2.0694753373603056
10.0179311 76.3502142 2.080975204989182
10.017957699999998 76.3498808 2.082499899540844
10.0179354 76.3498599 2.0844378076383725
10.0179244 76.3499067 2.0892101299533015
10.0179203 76.34989300000001 2.089487555760704
10.0179256 76.3498833 2.0907165530177894
10.0179317 76.3498776 2.0907165530177894
10.0179379 76.3498754 2.090762373416938
10.017944300000002 76.3498713 2.0909902957786084
10.017945800000001 76.34987070000001 2.0911800105138676
10.017947999999999 76.3498683 2.0915316744489254
10.0179489 76.3498657 2.0915535812404498
10.0179492 76.3498637 2.0915645346348084
10.017954 76.3498572 2.091934604124722
10.0179549 76.3498559 2.0921086658058505
10.0179553 76.34985470000001 2.0922097252307483
10.0179559 76.3498523 2.0924357423926114
10.017958 76.34985 2.0927329978412095
10.0179601 76.34984870000001 2.092921453906563
10.0179608 76.3498479 2.092952675539964
10.017961300000001 76.3498474 2.0929682863557364
10.0179621 76.3498461 2.0929995079889494
10.017963400000001 76.34984399999999 2.093039190159553
10.0179649 76.34984240000001 2.093054800976218
10.017964599999999 76.349843 2.093054800976218
10.0179649 76.3498442 2.093076707766662
10.0179567 76.34983659999999 2.0935527817444437
10.017945300000001 76.3498292 2.094668586831118
10.0179384 76.3498221 2.095188436483352
10.017937400000001 76.3498066 2.0963974614687566
10.0179412 76.3497985 2.0967822532296494
10.0179432 76.34979140000002 2.097174252539253
10.0179445 76.3497847 2.097518332149385
10.017945300000001 76.34977690000001 2.098023292061967
10.017946499999999 76.3497674 2.0986772498691004
10.0179426 76.34975490000001 2.0990213294797915
10.017940300000001 76.3497399 2.100078943045802
10.017939199999999 76.3497313 2.1005511196018674
10.0179364 76.34971379999999 2.102081491501606
10.017930900000001 76.34969579999999 2.103368866169208
10.0179315 76.3496673 2.104510677058274
10.0178647 76.3496657 2.10733670227175
10.017824599999999 76.3496497 2.1102688310644235
10.017827 76.34963990000001 2.1108491669407092
10.017819 76.3496278 2.111823157071869
10.0178065 76.3496155 2.112433497819823
10.017797400000001 76.3496078 2.113090374162806
10.0178356 76.3495954 2.1133679076637013
10.017833099999999 76.3495882 2.1138328940833695
10.017825300000002 76.3495701 2.1154607041131968
10.017818199999999 76.3495512 2.1168205613880207
10.017810800000001 76.34953730000001 2.117820645465325
10.0178121 76.3495199 2.1195075440442426
10.0178272 76.3495072 2.120610135101385
10.0178296 76.34949590000001 2.1215304894790634
10.017828999999999 76.3494824 2.1223547007662193
10.017827800000001 76.3494694 2.123137466309905
10.0178238 76.3494466 2.1236616609553476
10.017812800000002 76.3494378 2.1247299466962866
10.0177984 76.3494292 2.1256946484229915
10.0177852 76.3494127 2.1271017191632153
10.0177757 76.3494014 2.127828838225512
10.0177129 76.349411 2.131846839570116
10.017698900000001 76.34939449999999 2.1325960818685075
10.017677599999999 76.34937990000002 2.134687921158585
10.0176635 76.3493767 2.1354118251041903
10.0176513 76.34937240000001 2.136283967125809
10.0176413 76.34936490000001 2.1369168072522737
10.0176212 76.349358 2.1386215693866206
10.0176204 76.3493617 2.1388902696406475
10.0176337 76.349369 2.1398235153233136
10.017645 76.34937729999999 2.1406557656249867
10.017661 76.349387 2.1411764894509644
10.0176737 76.3493933 2.1418213613031454
10.0176872 76.3494007 2.1426098425612152
10.0176991 76.3494075 2.143284758070014
10.0177079 76.3494205 2.1443121086410657
10.0177166 76.3494396 2.1448901596784786
10.017724900000001 76.34944870000001 2.1454762664618605
10.017733300000002 76.34946009999999 2.1462761988616745
10.0177385 76.3494691 2.1469514107320733
10.0177375 76.3494913 2.147926834425561
10.0177414 76.3495061 2.1486664210563653
10.017761300000002 76.3495297 2.1508300490611876
10.0177735 76.34953409999999 2.151514962544295
10.0177883 76.3495484 2.1529921147636517
10.017798800000001 76.3495557 2.1538425988013716
10.0178192 76.34956770000001 2.1544035827229147
10.0178219 76.3495816 2.1552441075989512
10.0178299 76.3495979 2.1565116114396705
10.017840099999999 76.3496132 2.1571774291931787
10.0178171 76.34966990000001 2.1581884066011763
10.0178352 76.3496821 2.1589695489638348
10.017855 76.34968640000001 2.159951369935136
10.017882400000001 76.34968359999999 2.162082203522607
10.017903800000001 76.34968190000001 2.1633448624482794
10.0179201 76.3496826 2.164458508263589
10.0179517 76.3496888 2.1667768773883775
10.0179649 76.3496969 2.1674707884505686
10.0179741 76.3497042 2.1680976919290007
10.017986599999999 76.3497187 2.16839726044862
10.0179608 76.3497317 2.168785453001856
10.0179595 76.34972259999999 2.1692149460933376
10.017965 76.3496936 2.170064911663521